26
9
0.9
12111008421170012417210401
41285245291098926210222950
09210221261039262405521252
20002183510100000222021121
16247202217286112122801882
31021180122020011032120411
25030151020220429121191322
21222190116269228269201291
16618119511191090002020011
20222235872010750922211291
18311703141700122112181502
17122230029202203711010303
42801829090728076012710012
01220208200110831220222121
09110020210102221203002402
22924111170056022812000220
84722009022702045802772611
14720241033112011160124261
52790121142013231026212221
71001101112270109122260495
11202201000404941027272000
21524226529802226110521010
31002120008021122222416013
31100242003100011181001141
07203860482020071710421843
01112102120020020211104062